1 -0.16789966821670532 -0.20531077682971954 0.7417783737182617 -0.6159723997116089 -5.923547102835633 17.797744135331143 49.4043578015309 1 QG.jpg

2 0.5938520431518555 0.749444842338562 0.21975938975811005 -0.19333384931087494 -8.390681397896874 16.284456011276966 49.05496433368859 2 QN.jpg

3 -0.1658230721950531 -0.19774331152439117 0.7415664792060852 -0.6192571520805359 -11.757526357244197 18.11981926084563 48.17736216761412 3 QH.jpg

4 0.5477058291435242 0.6931137442588806 -0.36371463537216187 0.29550519585609436 -1.402022732232922 14.64269504056958 54.93947905494237 4 QQ.jpg

5 0.3011989891529083 0.36907094717025757 0.6904008984565735 -0.5444377660751343 0.08055030796284335 14.243855324121313 55.54395944733664 5 QK.jpg

6 0.6054836511611938 0.7585768103599548 0.18925881385803223 -0.1487678587436676 -6.799686986722439 16.04482532527697 47.99767639648549 6 QM.jpg

